109158,1
109158,3
0,273
0,270
10,307
10,239
10,69
10,123
10,317
10,241
10,113
11,23
11,7
11,30
9,5
133943,3
133943,2
133943,1
133943,0
333,3
333,1
20,2
20,1
14,6
14,5
14,4
14,2
14,0
12,3
12,2
20,3
12,1
11,29
11,28
11,27
11,26
11,24
11,22
11,21
11,20
11,19
11,18
11,17
11,16
19,2
19,1
11,15
11,13
11,10
11,9
11,8
11,6
11,4
11,3
19,3
11,2
11,1
10,316
10,314
10,284
10,278
10,268
10,238
10,226
10,208
10,184
10,174
10,158
10,144
10,140
10,134
10,120
10,110
10,106
10,104
10,102
10,100
10,96
10,94
10,76
10,66
10,34
10,28
10,24
10,6
10,4
10,3
10,2
18,1
10,1
9,7
9,6
9,4
9,3
18,3
9,2
14,1
9,1
8,18
8,17
8,15
14,3
13,1
8,14
8,13
8,12
8,11
8,10
8,9
8,8
8,7
8,6
8,5
8,4
